Q4R
0 20個{0, 1, 2, 3, 4, 5, 6, 7, 8, 9, 10, 11, 12, 13, 14, 15, 16, 17, 18, 19}
1 20個{0, 1, 2, 3, 4, 5, 6, 7, 8, 9, 10, 11, 12, 13, 14, 15, 16, 17, 18, 19}
2 3個{5, 15, 19}
3 5個{4, 5, 6, 9, 10}
4 19個{0, 1, 2, 3, 4, 5, 6, 7, 8, 9, 10, 11, 12, 13, 14, 15, 16, 17, 19}
5 5個{0, 1, 2, 3, 15}
6 18個{0, 1, 2, 3, 4, 5, 6, 7, 8, 9, 10, 11, 12, 13, 14, 15, 17, 19}
7 20個{0, 1, 2, 3, 4, 5, 6, 7, 8, 9, 10, 11, 12, 13, 14, 15, 16, 17, 18, 19}
8 18個{0, 1, 2, 3, 4, 5, 6, 7, 8, 9, 11, 12, 13, 14, 15, 16, 17, 19}
9 20個{0, 1, 2, 3, 4, 5, 6, 7, 8, 9, 10, 11, 12, 13, 14, 15, 16, 17, 18, 19}
10 7個{0, 1, 2, 3, 4, 5, 19}
11 6個{0, 1, 2, 3, 5, 15}
12 19個{0, 1, 2, 4, 5, 6, 7, 8, 9, 10, 11, 12, 13, 14, 15, 16, 17, 18, 19}
13 8個{4, 5, 6, 7, 8, 9, 10, 19}
14 5個{4, 5, 6, 8, 9}
15 17個{0, 1, 2, 3, 4, 5, 6, 7, 8, 9, 10, 11, 12, 13, 14, 15, 19}
16 20個{0, 1, 2, 3, 4, 5, 6, 7, 8, 9, 10, 11, 12, 13, 14, 15, 16, 17, 18, 19}
17 8個{0, 1, 2, 3, 13, 15, 18, 19}
18 18個{0, 1, 2, 3, 4, 5, 6, 7, 8, 9, 10, 12, 13, 14, 15, 16, 17, 19}
19 20個{0, 1, 2, 3, 4, 5, 6, 7, 8, 9, 10, 11, 12, 13, 14, 15, 16, 17, 18, 19}
20 20個{0, 1, 2, 3, 4, 5, 6, 7, 8, 9, 10, 11, 12, 13, 14, 15, 16, 17, 18, 19}
21 20個{0, 1, 2, 3, 4, 5, 6, 7, 8, 9, 10, 11, 12, 13, 14, 15, 16, 17, 18, 19}
22 20個{0, 1, 2, 3, 4, 5, 6, 7, 8, 9, 10, 11, 12, 13, 14, 15, 16, 17, 18, 19}
23 20個{0, 1, 2, 3, 4, 5, 6, 7, 8, 9, 10, 11, 12, 13, 14, 15, 16, 17, 18, 19}
24 10個{0, 1, 2, 3, 8, 12, 13, 14, 15, 19}
25 20個{0, 1, 2, 3, 4, 5, 6, 7, 8, 9, 10, 11, 12, 13, 14, 15, 16, 17, 18, 19}
26 15個{0, 1, 2, 3, 4, 5, 6, 12, 13, 14, 15, 16, 17, 18, 19}
27 17個{0, 1, 2, 3, 4, 5, 6, 7, 8, 10, 12, 13, 15, 16, 17, 18, 19}
28 20個{0, 1, 2, 3, 4, 5, 6, 7, 8, 9, 10, 11, 12, 13, 14, 15, 16, 17, 18, 19}
29 5個{0, 1, 2, 3, 15}
30 20個{0, 1, 2, 3, 4, 5, 6, 7, 8, 9, 10, 11, 12, 13, 14, 15, 16, 17, 18, 19}
31 19個{0, 1, 2, 3, 4, 5, 6, 7, 8, 9, 10, 11, 12, 13, 14, 15, 16, 17, 19}
32 20個{0, 1, 2, 3, 4, 5, 6, 7, 8, 9, 10, 11, 12, 13, 14, 15, 16, 17, 18, 19}
33 20個{0, 1, 2, 3, 4, 5, 6, 7, 8, 9, 10, 11, 12, 13, 14, 15, 16, 17, 18, 19}
34 20個{0, 1, 2, 3, 4, 5, 6, 7, 8, 9, 10, 11, 12, 13, 14, 15, 16, 17, 18, 19}
35 18個{0, 2, 4, 5, 6, 7, 8, 9, 10, 11, 12, 13, 14, 15, 16, 17, 18, 19}
36 20個{0, 1, 2, 3, 4, 5, 6, 7, 8, 9, 10, 11, 12, 13, 14, 15, 16, 17, 18, 19}
37 20個{0, 1, 2, 3, 4, 5, 6, 7, 8, 9, 10, 11, 12, 13, 14, 15, 16, 17, 18, 19}
38 20個{0, 1, 2, 3, 4, 5, 6, 7, 8, 9, 10, 11, 12, 13, 14, 15, 16, 17, 18, 19}
39 16個{0, 1, 2, 3, 4, 5, 6, 7, 8, 9, 11, 12, 13, 14, 15, 19}
40 18個{0, 1, 2, 3, 4, 5, 6, 7, 8, 9, 10, 11, 12, 13, 14, 15, 16, 19}
41 8個{0, 1, 2, 3, 12, 14, 15, 19}
42 17個{0, 1, 2, 3, 4, 5, 6, 7, 8, 9, 10, 12, 13, 14, 15, 17, 19}
43 19個{0, 1, 2, 4, 5, 6, 7, 8, 9, 10, 11, 12, 13, 14, 15, 16, 17, 18, 19}
44 11個{0, 1, 2, 3, 4, 5, 8, 9, 12, 13, 15}
45 20個{0, 1, 2, 3, 4, 5, 6, 7, 8, 9, 10, 11, 12, 13, 14, 15, 16, 17, 18, 19}
46 17個{0, 1, 2, 3, 4, 5, 6, 7, 8, 9, 10, 11, 12, 13, 14, 15, 19}
47 20個{0, 1, 2, 3, 4, 5, 6, 7, 8, 9, 10, 11, 12, 13, 14, 15, 16, 17, 18, 19}
48 20個{0, 1, 2, 3, 4, 5, 6, 7, 8, 9, 10, 11, 12, 13, 14, 15, 16, 17, 18, 19}
49 19個{0, 1, 2, 3, 4, 5, 6, 7, 8, 9, 10, 12, 13, 14, 15, 16, 17, 18, 19}
50 20個{0, 1, 2, 3, 4, 5, 6, 7, 8, 9, 10, 11, 12, 13, 14, 15, 16, 17, 18, 19}
51 18個{0, 1, 2, 4, 5, 6, 7, 8, 9, 10, 11, 12, 13, 15, 16, 17, 18, 19}
52 13個{0, 1, 2, 3, 5, 8, 9, 10, 11, 12, 14, 15, 19}
53 13個{0, 1, 2, 3, 4, 5, 6, 8, 12, 13, 14, 15, 19}
54 17個{0, 1, 2, 3, 4, 5, 6, 7, 8, 9, 10, 12, 13, 14, 15, 17, 19}
55 20個{0, 1, 2, 3, 4, 5, 6, 7, 8, 9, 10, 11, 12, 13, 14, 15, 16, 17, 18, 19}
56 18個{0, 1, 2, 3, 4, 5, 6, 7, 8, 9, 10, 11, 12, 13, 14, 15, 17, 19}
57 20個{0, 1, 2, 3, 4, 5, 6, 7, 8, 9, 10, 11, 12, 13, 14, 15, 16, 17, 18, 19}
58 11個{4, 5, 6, 7, 8, 9, 10, 11, 15, 17, 19}
59 20個{0, 1, 2, 3, 4, 5, 6, 7, 8, 9, 10, 11, 12, 13, 14, 15, 16, 17, 18, 19}
60 8個{4, 5, 6, 7, 8, 9, 10, 11}
61 10個{4, 5, 6, 7, 8, 9, 10, 11, 15, 19}
62 19個{0, 1, 2, 4, 5, 6, 7, 8, 9, 10, 11, 12, 13, 14, 15, 16, 17, 18, 19}
63 13個{0, 1, 2, 3, 4, 5, 6, 7, 8, 12, 13, 15, 19}
64 15個{0, 1, 2, 3, 4, 5, 6, 7, 8, 9, 12, 13, 14, 15, 19}
65 20個{0, 1, 2, 3, 4, 5, 6, 7, 8, 9, 10, 11, 12, 13, 14, 15, 16, 17, 18, 19}
66 9個{0, 1, 2, 3, 5, 8, 12, 13, 15}
67 14個{0, 1, 2, 3, 4, 5, 6, 7, 8, 12, 13, 14, 15, 19}
68 10個{4, 5, 6, 7, 8, 9, 10, 11, 15, 19}
69 5個{0, 1, 2, 3, 15}
70 20個{0, 1, 2, 3, 4, 5, 6, 7, 8, 9, 10, 11, 12, 13, 14, 15, 16, 17, 18, 19}
71 10個{0, 1, 2, 3, 5, 8, 12, 13, 14, 15}
72 19個{0, 1, 2, 3, 4, 5, 6, 7, 8, 9, 10, 11, 12, 13, 14, 15, 16, 17, 19}
73 20個{0, 1, 2, 3, 4, 5, 6, 7, 8, 9, 10, 11, 12, 13, 14, 15, 16, 17, 18, 19}
74 16個{0, 1, 2, 3, 4, 5, 6, 8, 9, 10, 11, 12, 13, 14, 15, 19}
75 19個{0, 1, 2, 3, 4, 5, 6, 7, 8, 9, 10, 11, 12, 13, 15, 16, 17, 18, 19}
76 20個{0, 1, 2, 3, 4, 5, 6, 7, 8, 9, 10, 11, 12, 13, 14, 15, 16, 17, 18, 19}
77 19個{0, 1, 2, 3, 4, 5, 6, 7, 8, 9, 10, 11, 12, 13, 14, 15, 16, 17, 19}
78 10個{4, 5, 6, 7, 8, 9, 10, 11, 15, 19}
79 20個{0, 1, 2, 3, 4, 5, 6, 7, 8, 9, 10, 11, 12, 13, 14, 15, 16, 17, 18, 19}
80 17個{0, 1, 2, 3, 4, 5, 6, 7, 8, 9, 10, 11, 12, 13, 14, 15, 19}
81 13個{0, 1, 2, 3, 4, 5, 6, 7, 8, 9, 12, 13, 15}
82 17個{0, 1, 2, 3, 4, 5, 6, 7, 8, 9, 10, 11, 12, 13, 14, 15, 19}
83 13個{0, 1, 2, 3, 4, 5, 8, 9, 10, 12, 13, 15, 19}
84 14個{0, 1, 2, 3, 4, 5, 6, 7, 8, 9, 12, 13, 15, 19}
85 16個{0, 1, 2, 3, 4, 5, 6, 8, 9, 10, 11, 12, 13, 14, 15, 19}
86 19個{0, 1, 2, 4, 5, 6, 7, 8, 9, 10, 11, 12, 13, 14, 15, 16, 17, 18, 19}
87 19個{0, 1, 2, 3, 4, 5, 6, 7, 8, 9, 10, 11, 12, 13, 14, 15, 17, 18, 19}
88 18個{0, 1, 2, 3, 4, 5, 6, 7, 8, 9, 10, 11, 12, 13, 15, 16, 17, 19}
89 9個{0, 1, 2, 3, 4, 5, 8, 12, 15}
90 17個{0, 1, 2, 3, 4, 5, 6, 7, 8, 9, 10, 11, 12, 13, 14, 15, 19}
91 20個{0, 1, 2, 3, 4, 5, 6, 7, 8, 9, 10, 11, 12, 13, 14, 15, 16, 17, 18, 19}
92 20個{0, 1, 2, 3, 4, 5, 6, 7, 8, 9, 10, 11, 12, 13, 14, 15, 16, 17, 18, 19}
93 19個{0, 1, 2, 3, 4, 5, 6, 7, 8, 9, 10, 11, 12, 13, 14, 15, 17, 18, 19}
94 19個{0, 1, 2, 3, 4, 5, 6, 7, 8, 9, 10, 11, 12, 13, 14, 15, 16, 17, 19}
95 20個{0, 1, 2, 3, 4, 5, 6, 7, 8, 9, 10, 11, 12, 13, 14, 15, 16, 17, 18, 19}
96 20個{0, 1, 2, 3, 4, 5, 6, 7, 8, 9, 10, 11, 12, 13, 14, 15, 16, 17, 18, 19}
97 18個{0, 1, 2, 3, 4, 5, 6, 7, 8, 9, 10, 11, 12, 13, 14, 15, 17, 19}
98 18個{0, 1, 2, 3, 4, 5, 6, 7, 8, 9, 10, 11, 12, 13, 14, 15, 17, 19}
99 20個{0, 1, 2, 3, 4, 5, 6, 7, 8, 9, 10, 11, 12, 13, 14, 15, 16, 17, 18, 19}
Q8R
0 18個{0, 1, 2, 4, 5, 6, 7, 8, 9, 10, 11, 12, 13, 15, 16, 17, 18, 19}
1 19個{0, 1, 2, 4, 5, 6, 7, 8, 9, 10, 11, 12, 13, 14, 15, 16, 17, 18, 19}
2 14個{0, 1, 2, 3, 4, 5, 6, 7, 8, 12, 13, 14, 15, 19}
3 20個{0, 1, 2, 3, 4, 5, 6, 7, 8, 9, 10, 11, 12, 13, 14, 15, 16, 17, 18, 19}
4 10個{0, 1, 2, 3, 4, 5, 6, 8, 10, 15}
5 5個{4, 5, 6, 8, 12}
6 11個{4, 5, 6, 7, 8, 9, 12, 13, 15, 17, 19}
7 16個{0, 1, 2, 3, 4, 5, 6, 7, 8, 9, 11, 12, 13, 14, 15, 19}
8 16個{0, 1, 2, 3, 4, 5, 6, 7, 8, 10, 12, 13, 14, 15, 16, 19}
9 19個{0, 1, 2, 4, 5, 6, 7, 8, 9, 10, 11, 12, 13, 14, 15, 16, 17, 18, 19}
10 19個{0, 1, 2, 3, 4, 5, 6, 7, 8, 9, 10, 11, 12, 13, 14, 15, 17, 18, 19}
11 15個{0, 1, 2, 3, 4, 5, 6, 7, 8, 9, 12, 13, 14, 15, 19}
12 13個{0, 1, 2, 3, 4, 5, 6, 8, 9, 12, 13, 15, 19}
13 16個{0, 1, 2, 3, 4, 5, 6, 7, 8, 9, 10, 11, 12, 13, 15, 19}
14 20個{0, 1, 2, 3, 4, 5, 6, 7, 8, 9, 10, 11, 12, 13, 14, 15, 16, 17, 18, 19}
15 10個{0, 1, 2, 3, 4, 5, 6, 12, 13, 15}
16 1個{8}
17 9個{0, 1, 2, 3, 5, 6, 8, 13, 15}
18 15個{0, 1, 2, 3, 4, 5, 6, 7, 8, 12, 13, 14, 15, 17, 19}
19 10個{0, 1, 2, 3, 4, 5, 8, 11, 13, 15}
20 18個{0, 1, 2, 3, 4, 5, 6, 7, 8, 9, 10, 11, 12, 13, 14, 15, 17, 19}
21 17個{0, 1, 2, 4, 5, 6, 7, 8, 9, 10, 11, 12, 13, 15, 16, 17, 19}
22 10個{0, 1, 2, 3, 4, 5, 6, 8, 12, 15}
23 8個{0, 1, 2, 3, 4, 5, 8, 15}
24 20個{0, 1, 2, 3, 4, 5, 6, 7, 8, 9, 10, 11, 12, 13, 14, 15, 16, 17, 18, 19}
25 16個{0, 1, 2, 3, 4, 5, 6, 7, 8, 9, 10, 12, 13, 14, 15, 19}
26 14個{0, 1, 2, 3, 4, 5, 6, 8, 9, 10, 12, 13, 15, 19}
27 9個{0, 1, 2, 3, 4, 5, 6, 8, 15}
28 15個{0, 1, 2, 4, 5, 6, 7, 8, 9, 10, 12, 13, 14, 15, 19}
29 11個{0, 1, 2, 3, 4, 5, 6, 8, 9, 12, 15}
30 15個{0, 1, 2, 3, 4, 5, 6, 7, 8, 9, 12, 13, 15, 17, 19}
31 18個{0, 1, 2, 4, 5, 6, 7, 8, 9, 10, 11, 12, 13, 15, 16, 17, 18, 19}
32 15個{0, 1, 2, 3, 4, 5, 6, 7, 8, 9, 10, 12, 13, 15, 19}
33 8個{0, 1, 2, 3, 5, 8, 15, 19}
34 16個{4, 5, 6, 7, 8, 9, 10, 11, 12, 13, 14, 15, 16, 17, 18, 19}
35 16個{0, 1, 2, 3, 4, 5, 6, 7, 8, 10, 12, 13, 14, 15, 17, 19}
36 8個{0, 1, 2, 3, 4, 5, 8, 15}
37 9個{0, 1, 2, 3, 5, 8, 12, 13, 15}
38 16個{0, 1, 2, 3, 4, 5, 6, 8, 9, 10, 11, 12, 13, 14, 15, 19}
39 5個{4, 5, 6, 7, 8}
40 7個{0, 1, 2, 3, 4, 5, 15}
41 4個{4, 5, 6, 8}
42 16個{0, 1, 2, 4, 5, 6, 7, 8, 9, 10, 12, 13, 15, 16, 17, 19}
43 7個{0, 1, 2, 3, 4, 5, 15}
44 8個{0, 1, 2, 3, 5, 8, 15, 19}
45 6個{4, 5, 6, 7, 8, 9}
46 12個{0, 1, 2, 3, 4, 5, 8, 9, 12, 13, 15, 19}
47 5個{0, 1, 2, 3, 15}
48 16個{0, 2, 4, 5, 6, 7, 8, 9, 10, 11, 12, 13, 15, 16, 17, 19}
49 15個{0, 1, 2, 3, 4, 5, 6, 7, 8, 9, 12, 13, 15, 17, 19}
50 5個{4, 5, 6, 7, 8}
51 13個{0, 1, 2, 4, 5, 6, 7, 8, 10, 12, 13, 15, 19}
52 16個{0, 1, 2, 3, 4, 5, 6, 7, 8, 9, 10, 12, 13, 14, 15, 19}
53 16個{0, 1, 2, 3, 4, 5, 6, 7, 8, 9, 10, 11, 12, 13, 15, 19}
54 11個{0, 1, 2, 3, 4, 5, 6, 7, 8, 15, 19}
55 5個{4, 5, 9, 12, 15}
56 11個{0, 1, 2, 4, 5, 6, 7, 13, 14, 15, 19}
57 20個{0, 1, 2, 3, 4, 5, 6, 7, 8, 9, 10, 11, 12, 13, 14, 15, 16, 17, 18, 19}
58 15個{0, 2, 3, 4, 5, 6, 7, 8, 9, 10, 12, 13, 15, 17, 19}
59 3個{4, 6, 8}
60 12個{0, 1, 2, 3, 4, 5, 6, 7, 8, 10, 15, 19}
61 9個{0, 1, 2, 3, 4, 5, 8, 13, 15}
62 19個{0, 1, 2, 4, 5, 6, 7, 8, 9, 10, 11, 12, 13, 14, 15, 16, 17, 18, 19}
63 19個{0, 1, 2, 4, 5, 6, 7, 8, 9, 10, 11, 12, 13, 14, 15, 16, 17, 18, 19}
64 16個{0, 1, 2, 3, 4, 5, 6, 7, 8, 9, 11, 12, 13, 14, 15, 19}
65 20個{0, 1, 2, 3, 4, 5, 6, 7, 8, 9, 10, 11, 12, 13, 14, 15, 16, 17, 18, 19}
66 5個{0, 1, 2, 3, 15}
67 16個{0, 1, 2, 3, 4, 5, 6, 7, 8, 9, 10, 12, 13, 14, 15, 19}
68 14個{0, 4, 5, 6, 7, 8, 9, 10, 11, 12, 13, 15, 17, 19}
69 20個{0, 1, 2, 3, 4, 5, 6, 7, 8, 9, 10, 11, 12, 13, 14, 15, 16, 17, 18, 19}
70 16個{0, 1, 2, 3, 4, 5, 6, 7, 8, 9, 10, 12, 13, 14, 15, 19}
71 20個{0, 1, 2, 3, 4, 5, 6, 7, 8, 9, 10, 11, 12, 13, 14, 15, 16, 17, 18, 19}
72 16個{0, 1, 2, 3, 4, 5, 6, 7, 8, 9, 10, 11, 12, 13, 15, 19}
73 5個{0, 1, 2, 3, 15}
74 20個{0, 1, 2, 3, 4, 5, 6, 7, 8, 9, 10, 11, 12, 13, 14, 15, 16, 17, 18, 19}
75 11個{0, 1, 2, 4, 5, 6, 8, 10, 12, 13, 15}
76 20個{0, 1, 2, 3, 4, 5, 6, 7, 8, 9, 10, 11, 12, 13, 14, 15, 16, 17, 18, 19}
77 13個{0, 1, 2, 3, 4, 5, 6, 8, 9, 12, 13, 15, 19}
78 9個{0, 1, 2, 3, 4, 5, 6, 15, 19}
79 17個{0, 1, 2, 3, 4, 5, 6, 7, 8, 9, 10, 12, 13, 14, 15, 17, 19}
80 9個{4, 5, 6, 7, 8, 9, 10, 15, 19}
81 18個{0, 1, 2, 4, 5, 6, 7, 8, 9, 10, 11, 12, 13, 15, 16, 17, 18, 19}
82 20個{0, 1, 2, 3, 4, 5, 6, 7, 8, 9, 10, 11, 12, 13, 14, 15, 16, 17, 18, 19}
83 18個{0, 1, 2, 3, 4, 5, 6, 7, 8, 9, 10, 12, 13, 14, 15, 17, 18, 19}
84 8個{0, 1, 2, 3, 5, 8, 12, 15}
85 20個{0, 1, 2, 3, 4, 5, 6, 7, 8, 9, 10, 11, 12, 13, 14, 15, 16, 17, 18, 19}
86 17個{0, 2, 4, 5, 6, 7, 8, 9, 11, 12, 13, 14, 15, 16, 17, 18, 19}
87 13個{0, 1, 2, 3, 4, 5, 6, 7, 8, 9, 12, 15, 19}
88 16個{0, 1, 2, 3, 4, 5, 6, 7, 8, 9, 10, 12, 13, 14, 15, 19}
89 16個{0, 1, 2, 3, 4, 5, 6, 7, 8, 9, 11, 12, 13, 14, 15, 19}
90 7個{4, 5, 6, 8, 9, 10, 19}
91 19個{0, 1, 2, 4, 5, 6, 7, 8, 9, 10, 11, 12, 13, 14, 15, 16, 17, 18, 19}
92 6個{0, 1, 2, 3, 15, 19}
93 13個{0, 1, 2, 3, 4, 5, 6, 7, 8, 12, 13, 15, 19}
94 13個{0, 1, 2, 3, 4, 5, 6, 8, 9, 12, 13, 15, 19}
95 10個{0, 1, 2, 3, 4, 5, 6, 8, 13, 15}
96 7個{0, 1, 2, 3, 5, 8, 15}
97 17個{0, 1, 2, 3, 4, 5, 6, 7, 8, 9, 10, 11, 12, 13, 14, 15, 19}
98 9個{0, 1, 2, 3, 4, 5, 8, 12, 15}
99 19個{0, 1, 2, 3, 4, 5, 6, 7, 8, 9, 10, 11, 12, 13, 14, 15, 16, 17, 19}
Q16R
0 9個{0, 1, 2, 3, 5, 6, 12, 13, 15}
1 14個{0, 1, 2, 4, 5, 6, 7, 8, 9, 10, 12, 13, 15, 19}
2 13個{0, 2, 4, 5, 6, 7, 8, 9, 10, 12, 13, 15, 19}
3 9個{0, 1, 2, 3, 4, 5, 8, 12, 15}
4 6個{4, 5, 6, 7, 8, 10}
5 4個{4, 5, 6, 8}
6 5個{4, 5, 6, 7, 8}
7 14個{0, 1, 2, 3, 4, 5, 6, 8, 9, 12, 13, 14, 15, 19}
8 4個{5, 12, 13, 15}
9 14個{0, 1, 2, 4, 5, 6, 7, 8, 9, 10, 12, 13, 15, 19}
10 13個{0, 1, 2, 3, 4, 5, 6, 8, 9, 12, 13, 15, 19}
11 14個{0, 1, 2, 4, 5, 6, 7, 8, 9, 12, 13, 15, 17, 19}
12 2個{4, 5}
13 0個{}
14 13個{0, 2, 4, 5, 6, 7, 8, 9, 12, 13, 15, 16, 19}
15 1個{15}
16 5個{0, 1, 2, 3, 15}
17 20個{0, 1, 2, 3, 4, 5, 6, 7, 8, 9, 10, 11, 12, 13, 14, 15, 16, 17, 18, 19}
18 12個{0, 4, 5, 6, 7, 8, 9, 10, 12, 13, 15, 19}
19 7個{0, 1, 2, 3, 5, 8, 15}
20 12個{0, 1, 2, 4, 5, 6, 8, 12, 13, 15, 16, 19}
21 8個{0, 1, 2, 3, 5, 8, 12, 15}
22 5個{0, 1, 2, 3, 15}
23 9個{4, 5, 6, 7, 8, 9, 10, 15, 19}
24 8個{0, 1, 2, 5, 8, 9, 12, 15}
25 15個{0, 1, 2, 3, 4, 5, 6, 7, 8, 10, 12, 13, 14, 15, 19}
26 16個{0, 1, 4, 5, 6, 7, 8, 9, 12, 13, 14, 15, 16, 17, 18, 19}
27 13個{4, 5, 6, 7, 8, 9, 10, 12, 13, 15, 16, 17, 19}
28 6個{0, 1, 2, 3, 5, 15}
29 13個{0, 1, 2, 3, 4, 5, 6, 7, 8, 12, 13, 15, 19}
30 2個{13, 15}
31 12個{0, 1, 2, 3, 4, 5, 6, 7, 8, 12, 15, 19}
32 6個{0, 1, 2, 3, 5, 15}
33 14個{0, 1, 2, 3, 4, 5, 6, 7, 8, 12, 13, 14, 15, 19}
34 17個{0, 2, 4, 5, 6, 7, 8, 9, 10, 12, 13, 14, 15, 16, 17, 18, 19}
35 5個{0, 1, 2, 3, 15}
36 7個{0, 1, 2, 3, 8, 13, 15}
37 5個{4, 5, 6, 7, 8}
38 15個{0, 2, 4, 5, 6, 7, 8, 9, 10, 11, 12, 13, 15, 17, 19}
39 14個{0, 1, 2, 3, 4, 5, 6, 7, 8, 12, 13, 14, 15, 19}
40 4個{0, 1, 2, 3}
41 2個{6, 8}
42 0個{}
43 11個{0, 1, 2, 3, 4, 5, 8, 9, 12, 13, 15}
44 14個{0, 1, 2, 3, 4, 5, 6, 7, 8, 12, 13, 14, 15, 19}
45 13個{0, 1, 2, 3, 4, 5, 6, 8, 11, 12, 13, 15, 19}
46 4個{4, 5, 6, 8}
47 7個{0, 1, 2, 3, 5, 8, 15}
48 9個{0, 1, 2, 3, 4, 5, 9, 12, 15}
49 16個{0, 1, 2, 3, 4, 5, 6, 7, 8, 9, 10, 12, 13, 14, 15, 19}
50 14個{0, 1, 2, 4, 5, 6, 7, 8, 9, 10, 12, 13, 15, 19}
51 18個{0, 1, 2, 3, 4, 5, 6, 7, 8, 9, 10, 12, 13, 14, 15, 16, 18, 19}
52 9個{4, 5, 6, 8, 9, 11, 12, 15, 19}
53 13個{0, 4, 5, 6, 7, 8, 9, 10, 12, 13, 15, 17, 19}
54 12個{0, 1, 2, 3, 4, 5, 6, 8, 12, 13, 15, 19}
55 17個{0, 1, 2, 3, 4, 5, 6, 7, 8, 9, 10, 11, 12, 13, 14, 15, 19}
56 4個{4, 5, 6, 8}
57 14個{0, 1, 2, 3, 4, 5, 6, 7, 8, 12, 13, 14, 15, 19}
58 2個{4, 6}
59 4個{0, 1, 2, 3}
60 13個{0, 2, 4, 5, 6, 7, 8, 9, 10, 12, 13, 15, 19}
61 5個{0, 1, 2, 3, 15}
62 11個{0, 1, 2, 3, 4, 5, 6, 8, 12, 15, 19}
63 2個{5, 9}
64 7個{0, 1, 2, 3, 4, 5, 15}
65 3個{4, 5, 6}
66 3個{4, 5, 12}
67 11個{0, 4, 5, 6, 7, 8, 12, 13, 15, 17, 19}
68 3個{5, 8, 9}
69 14個{0, 1, 2, 3, 4, 5, 6, 7, 8, 12, 13, 14, 15, 19}
70 11個{0, 1, 2, 4, 5, 6, 8, 9, 10, 13, 15}
71 7個{0, 1, 2, 3, 4, 5, 15}
72 14個{0, 1, 2, 3, 4, 5, 6, 7, 8, 12, 13, 14, 15, 19}
73 16個{4, 5, 6, 7, 8, 9, 10, 11, 12, 13, 14, 15, 16, 17, 18, 19}
74 5個{4, 5, 6, 14, 15}
75 19個{0, 1, 2, 4, 5, 6, 7, 8, 9, 10, 11, 12, 13, 14, 15, 16, 17, 18, 19}
76 7個{4, 5, 6, 7, 8, 12, 13}
77 6個{0, 1, 2, 3, 8, 15}
78 11個{0, 1, 2, 3, 4, 5, 7, 8, 9, 12, 15}
79 9個{0, 1, 2, 3, 5, 8, 13, 15, 19}
80 10個{0, 1, 2, 3, 4, 5, 8, 13, 14, 15}
81 7個{0, 1, 2, 3, 5, 8, 15}
82 11個{0, 1, 2, 3, 4, 5, 6, 8, 12, 15, 19}
83 9個{0, 1, 2, 3, 4, 5, 8, 15, 19}
84 6個{4, 5, 6, 7, 13, 15}
85 12個{0, 1, 4, 5, 6, 8, 9, 10, 11, 13, 15, 19}
86 7個{0, 1, 2, 3, 10, 15, 19}
87 14個{0, 1, 2, 3, 4, 5, 6, 7, 8, 12, 13, 14, 15, 19}
88 10個{4, 5, 6, 7, 8, 12, 13, 15, 17, 19}
89 14個{0, 1, 2, 3, 4, 5, 6, 7, 8, 12, 13, 14, 15, 19}
90 9個{0, 4, 5, 6, 8, 12, 15, 17, 19}
91 1個{10}
92 2個{13, 15}
93 5個{0, 1, 2, 3, 15}
94 12個{4, 5, 6, 7, 8, 12, 13, 15, 16, 17, 18, 19}
95 4個{0, 2, 3, 15}
96 4個{4, 5, 8, 15}
97 15個{0, 1, 2, 3, 4, 5, 6, 7, 8, 9, 12, 13, 14, 15, 19}
98 11個{0, 1, 2, 3, 4, 5, 8, 9, 10, 12, 15}
99 1個{11}
Q32R
0 5個{0, 1, 2, 3, 15}
1 4個{4, 5, 6, 10}
2 6個{0, 1, 2, 3, 5, 15}
3 1個{8}
4 9個{0, 1, 2, 3, 4, 5, 6, 13, 15}
5 6個{0, 4, 5, 8, 11, 15}
6 4個{0, 1, 2, 3}
7 10個{0, 4, 5, 6, 7, 8, 12, 13, 15, 19}
8 8個{0, 1, 2, 5, 6, 8, 12, 15}
9 3個{4, 5, 6}
10 0個{}
11 6個{0, 1, 2, 3, 4, 5}
12 13個{4, 5, 6, 7, 8, 10, 12, 13, 15, 16, 17, 18, 19}
13 5個{0, 5, 8, 10, 15}
14 10個{0, 1, 2, 4, 5, 6, 8, 12, 15, 19}
15 5個{0, 4, 5, 11, 15}
16 10個{0, 4, 5, 6, 7, 12, 13, 15, 16, 19}
17 4個{4, 5, 6, 8}
18 5個{0, 1, 2, 3, 15}
19 1個{0}
20 5個{4, 5, 6, 7, 8}
21 10個{4, 5, 6, 7, 8, 9, 12, 13, 15, 19}
22 5個{4, 5, 7, 8, 9}
23 5個{0, 1, 2, 3, 15}
24 4個{0, 1, 2, 3}
25 7個{0, 1, 2, 4, 5, 7, 15}
26 9個{4, 5, 6, 7, 8, 13, 15, 17, 19}
27 7個{4, 5, 6, 15, 16, 17, 19}
28 1個{15}
29 7個{0, 1, 2, 3, 6, 12, 15}
30 14個{4, 5, 6, 7, 8, 9, 10, 12, 13, 15, 16, 17, 18, 19}
31 12個{0, 1, 2, 4, 5, 6, 7, 8, 12, 13, 15, 19}
32 2個{14, 15}
33 11個{4, 5, 6, 7, 8, 9, 12, 13, 15, 16, 19}
34 8個{0, 1, 2, 3, 4, 5, 8, 15}
35 5個{0, 1, 2, 3, 15}
36 5個{0, 1, 2, 3, 15}
37 5個{0, 1, 2, 3, 15}
38 12個{0, 1, 2, 4, 5, 6, 7, 8, 12, 13, 15, 19}
39 7個{0, 1, 2, 3, 5, 8, 15}
40 6個{0, 1, 2, 3, 5, 15}
41 5個{0, 1, 2, 3, 15}
42 12個{0, 1, 2, 3, 4, 5, 6, 8, 11, 12, 15, 19}
43 9個{4, 5, 6, 7, 8, 12, 15, 17, 19}
44 5個{4, 5, 6, 7, 8}
45 4個{5, 8, 11, 15}
46 8個{0, 1, 2, 5, 13, 14, 15, 19}
47 13個{4, 5, 6, 7, 8, 10, 12, 13, 15, 16, 17, 18, 19}
48 8個{0, 1, 2, 3, 4, 5, 8, 15}
49 1個{7}
50 5個{4, 5, 6, 8, 15}
51 8個{0, 4, 5, 12, 13, 15, 17, 19}
52 1個{9}
53 8個{4, 5, 7, 8, 12, 13, 15, 17}
54 0個{}
55 5個{0, 1, 2, 3, 15}
56 9個{0, 1, 2, 3, 4, 5, 8, 9, 15}
57 4個{0, 1, 2, 3}
58 12個{4, 5, 6, 7, 8, 12, 13, 15, 16, 17, 18, 19}
59 1個{8}
60 4個{0, 1, 2, 3}
61 10個{0, 1, 2, 4, 5, 9, 12, 13, 15, 19}
62 4個{0, 1, 2, 3}
63 10個{0, 1, 2, 3, 4, 5, 6, 8, 9, 15}
64 5個{4, 5, 6, 7, 8}
65 4個{4, 5, 6, 8}
66 12個{0, 1, 2, 3, 4, 5, 6, 8, 12, 13, 15, 19}
67 5個{4, 5, 6, 8, 19}
68 6個{0, 1, 2, 3, 5, 15}
69 12個{0, 1, 2, 4, 5, 6, 8, 9, 12, 13, 15, 19}
70 6個{4, 5, 6, 7, 12, 15}
71 1個{12}
72 8個{0, 1, 2, 3, 4, 5, 14, 15}
73 5個{4, 5, 6, 7, 19}
74 4個{0, 1, 2, 3}
75 5個{0, 1, 2, 3, 15}
76 2個{4, 5}
77 5個{0, 1, 2, 3, 15}
78 6個{0, 1, 2, 3, 4, 5}
79 5個{0, 1, 2, 3, 5}
80 7個{0, 2, 4, 5, 8, 13, 15}
81 10個{4, 5, 6, 7, 12, 15, 16, 17, 18, 19}
82 12個{0, 1, 2, 3, 4, 5, 6, 8, 12, 13, 15, 19}
83 5個{0, 1, 2, 3, 15}
84 5個{0, 1, 2, 3, 15}
85 10個{0, 1, 2, 4, 5, 6, 8, 12, 13, 15}
86 5個{0, 4, 5, 8, 15}
87 11個{4, 5, 6, 7, 8, 13, 15, 16, 17, 18, 19}
88 5個{0, 1, 2, 3, 15}
89 0個{}
90 5個{0, 1, 2, 3, 15}
91 5個{0, 1, 2, 3, 15}
92 8個{0, 1, 2, 3, 4, 5, 6, 15}
93 1個{7}
94 0個{}
95 7個{0, 1, 2, 3, 5, 8, 15}
96 6個{0, 1, 2, 3, 5, 15}
97 1個{7}
98 13個{0, 1, 2, 3, 4, 5, 6, 7, 8, 12, 13, 15, 19}
99 9個{0, 1, 2, 4, 5, 6, 8, 15, 19}
Q64R
0 0個{}
1 4個{0, 1, 14, 15}
2 5個{0, 1, 2, 3, 15}
3 0個{}
4 1個{5}
5 5個{4, 5, 6, 15, 16}
6 0個{}
7 0個{}
8 1個{15}
9 0個{}
10 8個{4, 5, 6, 8, 12, 13, 15, 17}
11 4個{0, 1, 2, 3}
12 6個{4, 5, 6, 15, 16, 19}
13 0個{}
14 3個{4, 5, 6}
15 1個{15}
16 5個{5, 6, 8, 15, 19}
17 5個{0, 1, 2, 3, 15}
18 1個{9}
19 5個{0, 1, 2, 3, 15}
20 0個{}
21 1個{11}
22 4個{0, 1, 2, 3}
23 5個{4, 5, 6, 7, 8}
24 1個{7}
25 0個{}
26 4個{4, 5, 6, 18}
27 4個{0, 1, 2, 3}
28 0個{}
29 7個{4, 5, 6, 7, 8, 15, 19}
30 1個{8}
31 5個{4, 5, 6, 15, 19}
32 5個{0, 1, 2, 3, 15}
33 5個{0, 1, 2, 3, 15}
34 1個{14}
35 6個{0, 4, 5, 6, 13, 15}
36 4個{5, 6, 14, 15}
37 4個{4, 5, 6, 19}
38 0個{}
39 9個{4, 5, 6, 7, 8, 12, 15, 16, 19}
40 3個{5, 11, 15}
41 4個{4, 5, 8, 9}
42 4個{4, 5, 6, 15}
43 6個{4, 5, 6, 7, 15, 19}
44 4個{0, 1, 2, 3}
45 6個{4, 5, 6, 8, 15, 19}
46 5個{4, 5, 6, 7, 17}
47 4個{0, 1, 2, 3}
48 5個{4, 5, 6, 15, 16}
49 4個{0, 1, 2, 3}
50 0個{}
51 1個{10}
52 0個{}
53 4個{0, 1, 2, 3}
54 1個{8}
55 0個{}
56 1個{8}
57 6個{0, 4, 5, 12, 13, 15}
58 0個{}
59 0個{}
60 0個{}
61 0個{}
62 4個{0, 1, 2, 3}
63 2個{5, 6}
64 3個{4, 5, 8}
65 0個{}
66 5個{0, 1, 2, 3, 15}
67 0個{}
68 0個{}
69 4個{0, 1, 2, 3}
70 4個{0, 1, 2, 15}
71 0個{}
72 1個{7}
73 1個{7}
74 8個{4, 5, 6, 8, 12, 13, 15, 19}
75 4個{0, 1, 2, 13}
76 7個{4, 5, 6, 7, 8, 15, 19}
77 0個{}
78 6個{4, 5, 6, 15, 16, 19}
79 6個{0, 1, 2, 5, 13, 15}
80 7個{0, 1, 2, 4, 5, 14, 15}
81 0個{}
82 4個{4, 5, 6, 7}
83 4個{4, 5, 9, 15}
84 4個{0, 1, 2, 3}
85 4個{0, 1, 2, 3}
86 4個{0, 1, 2, 3}
87 4個{0, 1, 2, 3}
88 4個{0, 1, 2, 15}
89 1個{9}
90 2個{4, 5}
91 2個{5, 8}
92 7個{4, 5, 6, 8, 15, 16, 19}
93 4個{4, 5, 6, 8}
94 0個{}
95 8個{4, 5, 6, 7, 12, 13, 15, 18}
96 5個{0, 1, 2, 3, 15}
97 2個{4, 6}
98 0個{}
99 2個{12, 15}
Q4B
0 16個{0, 1, 2, 3, 4, 5, 6, 7, 8, 9, 10, 12, 13, 14, 15, 19}
1 17個{0, 1, 2, 3, 4, 5, 6, 7, 8, 9, 10, 11, 12, 13, 14, 15, 19}
2 16個{0, 1, 2, 3, 4, 5, 6, 7, 8, 9, 10, 12, 13, 14, 15, 19}
3 20個{0, 1, 2, 3, 4, 5, 6, 7, 8, 9, 10, 11, 12, 13, 14, 15, 16, 17, 18, 19}
4 5個{0, 1, 2, 3, 15}
5 20個{0, 1, 2, 3, 4, 5, 6, 7, 8, 9, 10, 11, 12, 13, 14, 15, 16, 17, 18, 19}
6 10個{0, 1, 2, 3, 4, 5, 6, 8, 13, 15}
7 20個{0, 1, 2, 3, 4, 5, 6, 7, 8, 9, 10, 11, 12, 13, 14, 15, 16, 17, 18, 19}
8 12個{0, 1, 2, 3, 5, 8, 12, 13, 14, 15, 17, 19}
9 20個{0, 1, 2, 3, 4, 5, 6, 7, 8, 9, 10, 11, 12, 13, 14, 15, 16, 17, 18, 19}
10 18個{0, 1, 2, 3, 4, 5, 6, 7, 8, 9, 10, 11, 12, 13, 14, 15, 17, 19}
11 16個{0, 1, 2, 3, 4, 5, 6, 8, 9, 10, 11, 12, 13, 14, 15, 19}
12 20個{0, 1, 2, 3, 4, 5, 6, 7, 8, 9, 10, 11, 12, 13, 14, 15, 16, 17, 18, 19}
13 17個{0, 1, 2, 3, 4, 5, 6, 7, 8, 9, 12, 13, 15, 16, 17, 18, 19}
14 20個{0, 1, 2, 3, 4, 5, 6, 7, 8, 9, 10, 11, 12, 13, 14, 15, 16, 17, 18, 19}
15 19個{0, 1, 2, 3, 4, 5, 6, 7, 8, 9, 10, 11, 12, 13, 14, 15, 17, 18, 19}
16 20個{0, 1, 2, 3, 4, 5, 6, 7, 8, 9, 10, 11, 12, 13, 14, 15, 16, 17, 18, 19}
17 20個{0, 1, 2, 3, 4, 5, 6, 7, 8, 9, 10, 11, 12, 13, 14, 15, 16, 17, 18, 19}
18 18個{0, 1, 3, 4, 5, 6, 7, 8, 9, 10, 11, 12, 13, 15, 16, 17, 18, 19}
19 18個{0, 1, 2, 3, 4, 5, 6, 7, 8, 9, 10, 11, 12, 13, 14, 15, 17, 19}
20 17個{0, 1, 4, 5, 6, 7, 8, 9, 10, 11, 12, 13, 15, 16, 17, 18, 19}
21 20個{0, 1, 2, 3, 4, 5, 6, 7, 8, 9, 10, 11, 12, 13, 14, 15, 16, 17, 18, 19}
22 13個{0, 1, 2, 3, 4, 5, 8, 9, 10, 11, 13, 14, 15}
23 20個{0, 1, 2, 3, 4, 5, 6, 7, 8, 9, 10, 11, 12, 13, 14, 15, 16, 17, 18, 19}
24 20個{0, 1, 2, 3, 4, 5, 6, 7, 8, 9, 10, 11, 12, 13, 14, 15, 16, 17, 18, 19}
25 18個{0, 1, 2, 3, 4, 5, 6, 7, 8, 9, 10, 11, 12, 13, 14, 15, 17, 19}
26 17個{0, 4, 5, 6, 7, 8, 9, 10, 11, 12, 13, 14, 15, 16, 17, 18, 19}
27 18個{0, 1, 2, 3, 4, 5, 6, 7, 8, 9, 10, 11, 12, 13, 14, 15, 17, 19}
28 20個{0, 1, 2, 3, 4, 5, 6, 7, 8, 9, 10, 11, 12, 13, 14, 15, 16, 17, 18, 19}
29 10個{0, 1, 2, 3, 5, 8, 9, 12, 15, 19}
30 16個{0, 1, 2, 3, 4, 5, 6, 7, 8, 9, 10, 11, 12, 13, 15, 19}
31 13個{0, 1, 2, 4, 5, 6, 7, 12, 13, 14, 15, 18, 19}
32 12個{0, 1, 2, 3, 5, 6, 8, 12, 13, 14, 15, 19}
33 20個{0, 1, 2, 3, 4, 5, 6, 7, 8, 9, 10, 11, 12, 13, 14, 15, 16, 17, 18, 19}
34 18個{0, 1, 2, 3, 4, 5, 6, 7, 8, 9, 10, 11, 12, 13, 14, 15, 17, 19}
35 9個{0, 1, 2, 3, 4, 5, 6, 8, 15}
36 20個{0, 1, 2, 3, 4, 5, 6, 7, 8, 9, 10, 11, 12, 13, 14, 15, 16, 17, 18, 19}
37 16個{0, 1, 2, 3, 4, 5, 6, 7, 8, 9, 10, 11, 12, 13, 15, 19}
38 5個{0, 1, 2, 3, 15}
39 16個{0, 4, 5, 6, 7, 8, 9, 10, 11, 12, 13, 15, 16, 17, 18, 19}
40 11個{0, 1, 2, 3, 4, 5, 6, 8, 10, 15, 19}
41 20個{0, 1, 2, 3, 4, 5, 6, 7, 8, 9, 10, 11, 12, 13, 14, 15, 16, 17, 18, 19}
42 20個{0, 1, 2, 3, 4, 5, 6, 7, 8, 9, 10, 11, 12, 13, 14, 15, 16, 17, 18, 19}
43 17個{0, 1, 2, 3, 4, 5, 6, 7, 8, 9, 10, 11, 12, 13, 14, 15, 19}
44 16個{0, 1, 2, 3, 4, 5, 6, 7, 8, 9, 10, 12, 13, 14, 15, 19}
45 20個{0, 1, 2, 3, 4, 5, 6, 7, 8, 9, 10, 11, 12, 13, 14, 15, 16, 17, 18, 19}
46 16個{0, 1, 2, 3, 4, 5, 6, 8, 10, 11, 12, 13, 14, 15, 16, 19}
47 14個{0, 1, 2, 3, 4, 5, 6, 8, 11, 12, 13, 14, 15, 19}
48 19個{0, 1, 2, 3, 4, 5, 6, 7, 8, 9, 10, 11, 12, 13, 14, 15, 17, 18, 19}
49 5個{0, 1, 2, 3, 4}
50 17個{0, 1, 2, 3, 4, 5, 6, 7, 8, 9, 10, 12, 13, 14, 15, 17, 19}
51 2個{8, 9}
52 18個{0, 1, 2, 3, 4, 5, 6, 7, 8, 9, 10, 11, 12, 13, 14, 15, 17, 19}
53 20個{0, 1, 2, 3, 4, 5, 6, 7, 8, 9, 10, 11, 12, 13, 14, 15, 16, 17, 18, 19}
54 20個{0, 1, 2, 3, 4, 5, 6, 7, 8, 9, 10, 11, 12, 13, 14, 15, 16, 17, 18, 19}
55 20個{0, 1, 2, 3, 4, 5, 6, 7, 8, 9, 10, 11, 12, 13, 14, 15, 16, 17, 18, 19}
56 20個{0, 1, 2, 3, 4, 5, 6, 7, 8, 9, 10, 11, 12, 13, 14, 15, 16, 17, 18, 19}
57 15個{0, 1, 2, 3, 4, 5, 6, 7, 9, 12, 13, 14, 15, 17, 19}
58 18個{0, 1, 2, 3, 4, 5, 6, 7, 8, 9, 10, 12, 13, 14, 15, 17, 18, 19}
59 18個{0, 1, 2, 3, 4, 5, 6, 7, 8, 9, 10, 11, 12, 13, 14, 15, 17, 19}
60 20個{0, 1, 2, 3, 4, 5, 6, 7, 8, 9, 10, 11, 12, 13, 14, 15, 16, 17, 18, 19}
61 20個{0, 1, 2, 3, 4, 5, 6, 7, 8, 9, 10, 11, 12, 13, 14, 15, 16, 17, 18, 19}
62 19個{0, 1, 2, 3, 4, 5, 6, 7, 8, 9, 10, 11, 12, 13, 14, 15, 16, 17, 19}
63 14個{0, 1, 2, 3, 4, 5, 6, 7, 8, 9, 12, 13, 15, 19}
64 5個{0, 1, 2, 3, 15}
65 20個{0, 1, 2, 3, 4, 5, 6, 7, 8, 9, 10, 11, 12, 13, 14, 15, 16, 17, 18, 19}
66 12個{0, 1, 3, 4, 5, 6, 7, 8, 9, 12, 15, 19}
67 20個{0, 1, 2, 3, 4, 5, 6, 7, 8, 9, 10, 11, 12, 13, 14, 15, 16, 17, 18, 19}
68 20個{0, 1, 2, 3, 4, 5, 6, 7, 8, 9, 10, 11, 12, 13, 14, 15, 16, 17, 18, 19}
69 20個{0, 1, 2, 3, 4, 5, 6, 7, 8, 9, 10, 11, 12, 13, 14, 15, 16, 17, 18, 19}
70 6個{0, 1, 2, 3, 15, 19}
71 13個{0, 1, 2, 3, 4, 5, 8, 9, 10, 12, 13, 15, 19}
72 18個{0, 1, 2, 3, 4, 5, 6, 7, 8, 9, 10, 11, 12, 13, 14, 15, 17, 19}
73 13個{0, 1, 2, 3, 4, 5, 8, 9, 10, 11, 12, 13, 15}
74 19個{0, 2, 3, 4, 5, 6, 7, 8, 9, 10, 11, 12, 13, 14, 15, 16, 17, 18, 19}
75 19個{0, 1, 2, 3, 4, 5, 6, 7, 8, 9, 10, 11, 12, 13, 14, 15, 16, 17, 19}
76 16個{0, 4, 5, 6, 7, 8, 9, 10, 12, 13, 14, 15, 16, 17, 18, 19}
77 16個{0, 1, 2, 3, 4, 5, 6, 7, 8, 9, 10, 12, 13, 14, 15, 19}
78 16個{0, 1, 2, 3, 4, 5, 6, 7, 8, 9, 10, 12, 13, 14, 15, 19}
79 15個{0, 1, 2, 3, 4, 5, 6, 8, 9, 10, 12, 13, 14, 15, 19}
80 20個{0, 1, 2, 3, 4, 5, 6, 7, 8, 9, 10, 11, 12, 13, 14, 15, 16, 17, 18, 19}
81 10個{0, 1, 2, 3, 5, 8, 9, 10, 13, 15}
82 18個{0, 1, 2, 3, 4, 5, 6, 7, 8, 9, 10, 11, 12, 13, 14, 15, 16, 19}
83 19個{0, 1, 2, 4, 5, 6, 7, 8, 9, 10, 11, 12, 13, 14, 15, 16, 17, 18, 19}
84 14個{0, 1, 2, 3, 4, 5, 8, 9, 10, 12, 13, 14, 15, 19}
85 12個{0, 1, 2, 3, 4, 5, 6, 8, 12, 13, 15, 19}
86 18個{0, 1, 2, 3, 4, 5, 6, 7, 8, 9, 10, 11, 12, 13, 14, 15, 17, 19}
87 19個{0, 1, 2, 4, 5, 6, 7, 8, 9, 10, 11, 12, 13, 14, 15, 16, 17, 18, 19}
88 19個{0, 1, 2, 3, 4, 5, 6, 7, 8, 9, 10, 11, 12, 13, 14, 15, 16, 17, 19}
89 9個{0, 1, 2, 3, 5, 8, 9, 12, 15}
90 18個{0, 1, 2, 3, 4, 5, 6, 7, 8, 9, 10, 12, 13, 14, 15, 17, 18, 19}
91 17個{0, 1, 2, 3, 4, 5, 6, 7, 8, 9, 10, 11, 12, 13, 14, 15, 19}
92 16個{0, 1, 2, 3, 4, 5, 6, 7, 8, 9, 10, 12, 13, 14, 15, 19}
93 18個{0, 1, 2, 3, 4, 5, 6, 7, 8, 9, 10, 11, 12, 13, 14, 15, 17, 19}
94 20個{0, 1, 2, 3, 4, 5, 6, 7, 8, 9, 10, 11, 12, 13, 14, 15, 16, 17, 18, 19}
95 18個{0, 1, 2, 3, 4, 5, 6, 7, 8, 9, 10, 12, 13, 14, 15, 16, 17, 19}
96 9個{0, 1, 2, 3, 8, 12, 13, 14, 15}
97 20個{0, 1, 2, 3, 4, 5, 6, 7, 8, 9, 10, 11, 12, 13, 14, 15, 16, 17, 18, 19}
98 17個{0, 1, 2, 3, 4, 5, 6, 7, 8, 9, 10, 11, 12, 13, 14, 15, 19}
99 19個{0, 1, 2, 3, 4, 5, 6, 7, 8, 9, 10, 11, 12, 13, 14, 15, 16, 17, 19}
Q8B
0 8個{0, 1, 2, 5, 6, 12, 13, 15}
1 2個{8, 15}
2 15個{4, 5, 6, 7, 8, 9, 10, 11, 12, 13, 15, 16, 17, 18, 19}
3 16個{4, 5, 6, 7, 8, 9, 10, 11, 12, 13, 14, 15, 16, 17, 18, 19}
4 12個{4, 5, 6, 8, 9, 10, 11, 12, 13, 15, 17, 19}
5 20個{0, 1, 2, 3, 4, 5, 6, 7, 8, 9, 10, 11, 12, 13, 14, 15, 16, 17, 18, 19}
6 8個{0, 1, 2, 3, 5, 13, 15, 19}
7 16個{4, 5, 6, 7, 8, 9, 10, 11, 12, 13, 14, 15, 16, 17, 18, 19}
8 7個{0, 1, 2, 3, 4, 5, 8}
9 19個{0, 1, 2, 3, 4, 5, 6, 7, 8, 9, 10, 11, 12, 13, 14, 15, 16, 17, 19}
10 14個{0, 1, 2, 3, 4, 5, 6, 7, 8, 12, 13, 14, 15, 19}
11 17個{0, 4, 5, 6, 7, 8, 9, 10, 11, 12, 13, 14, 15, 16, 17, 18, 19}
12 12個{0, 1, 2, 4, 5, 6, 7, 8, 10, 14, 15, 19}
13 19個{0, 1, 2, 3, 4, 5, 6, 7, 8, 9, 10, 11, 12, 13, 14, 15, 16, 17, 19}
14 13個{0, 1, 2, 3, 4, 5, 6, 8, 9, 10, 12, 13, 15}
15 11個{0, 1, 2, 3, 4, 5, 6, 7, 14, 15, 19}
16 11個{0, 1, 2, 3, 5, 8, 12, 13, 14, 15, 19}
17 15個{0, 4, 5, 6, 7, 8, 9, 10, 11, 12, 13, 15, 17, 18, 19}
18 11個{0, 1, 2, 3, 4, 5, 6, 8, 13, 15, 19}
19 10個{0, 1, 2, 3, 4, 5, 6, 8, 14, 15}
20 15個{0, 1, 2, 3, 4, 5, 6, 7, 8, 9, 10, 12, 13, 15, 19}
21 3個{4, 5, 8}
22 11個{0, 1, 2, 3, 4, 5, 6, 7, 8, 12, 15}
23 16個{0, 1, 2, 4, 5, 6, 7, 8, 9, 10, 11, 12, 13, 15, 17, 19}
24 16個{4, 5, 6, 7, 8, 9, 10, 11, 12, 13, 14, 15, 16, 17, 18, 19}
25 17個{0, 1, 2, 4, 5, 6, 7, 8, 9, 10, 11, 12, 13, 14, 15, 17, 19}
26 16個{0, 2, 3, 4, 5, 6, 7, 8, 9, 10, 12, 13, 15, 17, 18, 19}
27 16個{0, 1, 2, 4, 5, 6, 7, 8, 9, 10, 12, 13, 14, 15, 17, 19}
28 7個{0, 1, 5, 6, 8, 15, 19}
29 5個{0, 1, 2, 3, 15}
30 17個{0, 1, 2, 3, 4, 5, 6, 7, 8, 9, 10, 12, 13, 14, 15, 17, 19}
31 7個{0, 1, 2, 3, 4, 5, 8}
32 13個{0, 1, 2, 3, 4, 5, 6, 7, 8, 9, 10, 12, 15}
33 15個{4, 5, 6, 7, 8, 9, 10, 12, 13, 14, 15, 16, 17, 18, 19}
34 15個{0, 2, 3, 4, 5, 6, 7, 8, 9, 10, 12, 13, 15, 17, 19}
35 1個{10}
36 20個{0, 1, 2, 3, 4, 5, 6, 7, 8, 9, 10, 11, 12, 13, 14, 15, 16, 17, 18, 19}
37 14個{0, 1, 4, 5, 6, 7, 8, 9, 10, 12, 13, 14, 15, 19}
38 20個{0, 1, 2, 3, 4, 5, 6, 7, 8, 9, 10, 11, 12, 13, 14, 15, 16, 17, 18, 19}
39 8個{0, 4, 5, 6, 8, 15, 16, 19}
40 13個{0, 1, 2, 3, 4, 5, 6, 8, 9, 12, 13, 14, 15}
41 18個{0, 1, 2, 3, 4, 5, 6, 7, 8, 9, 10, 11, 12, 13, 15, 16, 17, 19}
42 6個{0, 1, 2, 3, 13, 15}
43 19個{0, 1, 2, 4, 5, 6, 7, 8, 9, 10, 11, 12, 13, 14, 15, 16, 17, 18, 19}
44 8個{0, 1, 2, 3, 4, 5, 6, 15}
45 17個{0, 1, 2, 3, 4, 5, 6, 7, 8, 9, 10, 11, 12, 13, 14, 15, 19}
46 15個{0, 1, 2, 3, 4, 5, 6, 7, 8, 9, 12, 13, 14, 15, 19}
47 14個{0, 1, 2, 3, 4, 5, 6, 8, 12, 13, 14, 15, 16, 19}
48 8個{0, 1, 2, 3, 8, 9, 12, 15}
49 16個{0, 1, 2, 3, 4, 5, 6, 7, 8, 9, 12, 13, 14, 15, 17, 19}
50 8個{4, 5, 6, 7, 8, 12, 13, 19}
51 17個{0, 1, 4, 5, 6, 7, 8, 9, 10, 11, 12, 13, 14, 15, 16, 17, 19}
52 17個{0, 4, 5, 6, 7, 8, 9, 10, 11, 12, 13, 14, 15, 16, 17, 18, 19}
53 8個{0, 1, 2, 4, 5, 7, 8, 15}
54 5個{0, 1, 2, 3, 7}
55 18個{0, 1, 2, 3, 4, 5, 6, 7, 8, 9, 11, 12, 13, 14, 15, 17, 18, 19}
56 1個{8}
57 11個{0, 1, 2, 3, 5, 6, 12, 13, 14, 15, 19}
58 19個{0, 1, 2, 3, 4, 5, 6, 7, 8, 9, 10, 12, 13, 14, 15, 16, 17, 18, 19}
59 17個{0, 1, 2, 3, 4, 5, 6, 7, 8, 9, 10, 11, 12, 13, 14, 15, 19}
60 6個{0, 1, 2, 3, 5, 15}
61 16個{0, 1, 2, 3, 4, 5, 6, 7, 8, 9, 10, 11, 12, 13, 15, 19}
62 14個{0, 1, 2, 3, 4, 5, 6, 7, 8, 10, 12, 13, 15, 19}
63 18個{0, 1, 2, 3, 4, 5, 6, 7, 8, 9, 10, 11, 12, 13, 14, 15, 17, 19}
64 10個{0, 4, 5, 6, 7, 9, 12, 13, 15, 19}
65 17個{0, 1, 2, 3, 4, 5, 6, 7, 8, 9, 10, 12, 13, 14, 15, 16, 19}
66 14個{0, 2, 3, 4, 5, 6, 8, 9, 10, 12, 13, 15, 18, 19}
67 16個{4, 5, 6, 7, 8, 9, 10, 11, 12, 13, 14, 15, 16, 17, 18, 19}
68 17個{0, 4, 5, 6, 7, 8, 9, 10, 11, 12, 13, 14, 15, 16, 17, 18, 19}
69 15個{0, 1, 2, 3, 4, 5, 6, 7, 8, 12, 13, 14, 15, 17, 19}
70 18個{0, 1, 2, 3, 4, 5, 6, 7, 8, 9, 10, 11, 12, 13, 15, 17, 18, 19}
71 8個{0, 1, 2, 3, 5, 8, 10, 15}
72 15個{0, 1, 2, 3, 4, 5, 6, 7, 8, 9, 12, 13, 14, 15, 19}
73 5個{4, 5, 6, 7, 8}
74 18個{0, 1, 2, 3, 4, 5, 6, 7, 8, 9, 10, 12, 13, 14, 15, 16, 18, 19}
75 17個{0, 1, 2, 3, 4, 5, 6, 7, 8, 9, 10, 12, 13, 14, 15, 17, 19}
76 15個{0, 1, 3, 4, 5, 6, 7, 8, 9, 10, 12, 13, 15, 17, 19}
77 8個{0, 1, 2, 3, 5, 8, 12, 15}
78 1個{9}
79 8個{0, 1, 2, 4, 5, 12, 13, 15}
80 13個{0, 1, 2, 4, 5, 6, 7, 8, 10, 13, 15, 17, 19}
81 8個{0, 1, 2, 3, 4, 5, 8, 15}
82 6個{0, 1, 2, 3, 5, 15}
83 7個{4, 5, 6, 7, 8, 9, 10}
84 20個{0, 1, 2, 3, 4, 5, 6, 7, 8, 9, 10, 11, 12, 13, 14, 15, 16, 17, 18, 19}
85 17個{0, 1, 2, 3, 4, 5, 6, 7, 8, 9, 10, 11, 12, 13, 14, 15, 19}
86 16個{0, 1, 2, 3, 4, 5, 6, 7, 8, 9, 10, 12, 13, 14, 15, 19}
87 6個{0, 1, 2, 3, 7, 19}
88 18個{0, 1, 4, 5, 6, 7, 8, 9, 10, 11, 12, 13, 14, 15, 16, 17, 18, 19}
89 10個{4, 5, 6, 7, 8, 9, 10, 11, 15, 19}
90 15個{0, 4, 5, 6, 7, 8, 9, 10, 11, 12, 13, 15, 16, 17, 19}
91 11個{0, 1, 2, 3, 4, 5, 6, 8, 9, 14, 15}
92 14個{0, 1, 4, 5, 6, 7, 8, 9, 10, 12, 13, 14, 15, 19}
93 10個{0, 1, 2, 3, 5, 6, 8, 12, 15, 19}
94 5個{0, 1, 2, 3, 15}
95 13個{0, 1, 2, 3, 4, 5, 6, 8, 12, 13, 14, 15, 19}
96 2個{4, 5}
97 14個{0, 4, 5, 6, 7, 8, 9, 10, 12, 13, 14, 15, 17, 19}
98 12個{0, 1, 2, 3, 4, 5, 6, 12, 13, 15, 17, 19}
99 7個{0, 1, 2, 3, 8, 11, 15}
Q16B
0 13個{0, 1, 4, 5, 6, 7, 8, 12, 13, 14, 15, 17, 19}
1 4個{4, 5, 12, 15}
2 12個{4, 5, 6, 7, 8, 9, 10, 12, 13, 15, 17, 19}
3 14個{0, 1, 2, 3, 4, 5, 6, 7, 8, 12, 13, 14, 15, 19}
4 11個{0, 1, 4, 5, 6, 7, 8, 12, 13, 14, 15}
5 5個{0, 1, 2, 8, 15}
6 5個{0, 1, 2, 3, 5}
7 14個{0, 1, 4, 5, 6, 8, 12, 13, 14, 15, 16, 17, 18, 19}
8 8個{4, 5, 6, 7, 8, 9, 10, 15}
9 11個{0, 1, 3, 4, 5, 6, 8, 9, 12, 15, 19}
10 3個{4, 5, 8}
11 14個{0, 1, 2, 3, 4, 5, 6, 7, 8, 12, 13, 14, 15, 19}
12 1個{9}
13 9個{4, 5, 7, 9, 10, 11, 12, 13, 15}
14 12個{0, 1, 2, 3, 4, 5, 6, 8, 12, 13, 15, 19}
15 5個{0, 1, 2, 3, 5}
16 12個{0, 4, 5, 6, 7, 8, 9, 12, 13, 15, 17, 19}
17 4個{4, 5, 6, 8}
18 7個{0, 1, 4, 5, 7, 9, 15}
19 4個{0, 4, 8, 15}
20 15個{0, 1, 2, 4, 5, 6, 7, 8, 10, 12, 13, 14, 15, 17, 19}
21 13個{0, 4, 5, 6, 7, 8, 9, 10, 11, 12, 13, 15, 19}
22 8個{4, 5, 6, 7, 8, 12, 13, 19}
23 5個{4, 5, 6, 9, 10}
24 4個{4, 5, 6, 9}
25 7個{0, 1, 2, 3, 4, 5, 8}
26 5個{0, 1, 2, 3, 15}
27 8個{4, 5, 6, 7, 8, 9, 10, 15}
28 10個{0, 1, 4, 5, 6, 8, 10, 12, 15, 19}
29 10個{0, 1, 2, 4, 5, 8, 10, 12, 13, 15}
30 11個{0, 1, 2, 3, 4, 5, 6, 8, 13, 14, 15}
31 10個{4, 5, 6, 7, 8, 9, 12, 13, 15, 19}
32 9個{0, 4, 5, 6, 8, 15, 16, 17, 19}
33 3個{4, 8, 11}
34 8個{0, 1, 2, 3, 4, 5, 8, 15}
35 13個{0, 1, 2, 3, 4, 5, 6, 8, 9, 12, 13, 15, 19}
36 16個{0, 1, 2, 3, 4, 5, 6, 7, 8, 9, 12, 13, 14, 15, 17, 19}
37 6個{4, 5, 6, 7, 15, 18}
38 15個{4, 5, 6, 7, 8, 9, 10, 12, 13, 14, 15, 16, 17, 18, 19}
39 5個{0, 4, 5, 8, 15}
40 2個{5, 6}
41 15個{0, 1, 2, 3, 4, 5, 6, 7, 8, 9, 10, 12, 13, 15, 19}
42 8個{0, 1, 2, 3, 5, 9, 12, 15}
43 8個{0, 1, 2, 3, 4, 6, 7, 15}
44 15個{0, 1, 2, 3, 4, 5, 6, 7, 8, 9, 10, 12, 13, 15, 19}
45 6個{0, 1, 2, 3, 6, 8}
46 13個{4, 5, 6, 7, 8, 9, 10, 11, 12, 13, 15, 17, 19}
47 11個{0, 1, 2, 3, 4, 5, 6, 8, 12, 13, 15}
48 13個{4, 5, 6, 7, 8, 9, 10, 11, 12, 13, 15, 17, 19}
49 7個{0, 1, 2, 3, 5, 14, 15}
50 15個{0, 1, 2, 3, 4, 5, 6, 7, 8, 12, 13, 14, 15, 17, 19}
51 16個{0, 1, 2, 3, 4, 5, 6, 7, 8, 9, 10, 11, 12, 13, 15, 19}
52 16個{0, 4, 5, 6, 7, 8, 9, 10, 11, 12, 13, 15, 16, 17, 18, 19}
53 14個{4, 5, 6, 7, 8, 9, 10, 11, 12, 13, 15, 16, 17, 19}
54 16個{0, 1, 2, 3, 4, 5, 6, 7, 8, 9, 10, 11, 12, 13, 15, 19}
55 13個{0, 1, 2, 3, 4, 5, 6, 7, 8, 12, 13, 15, 19}
56 8個{0, 1, 2, 3, 4, 5, 13, 15}
57 2個{4, 15}
58 4個{0, 1, 2, 3}
59 5個{0, 1, 2, 3, 15}
60 6個{4, 5, 6, 7, 8, 19}
61 1個{16}
62 6個{0, 1, 2, 3, 12, 15}
63 5個{0, 1, 2, 3, 15}
64 12個{0, 1, 2, 3, 4, 5, 6, 8, 12, 13, 14, 15}
65 16個{0, 1, 4, 5, 6, 7, 8, 9, 12, 13, 14, 15, 16, 17, 18, 19}
66 5個{4, 12, 13, 15, 19}
67 15個{4, 5, 6, 7, 8, 9, 10, 11, 12, 13, 15, 16, 17, 18, 19}
68 6個{0, 1, 2, 3, 8, 15}
69 16個{0, 1, 4, 5, 6, 7, 8, 9, 12, 13, 14, 15, 16, 17, 18, 19}
70 3個{5, 7, 8}
71 4個{0, 1, 2, 3}
72 4個{4, 5, 6, 7}
73 6個{0, 1, 2, 3, 5, 8}
74 9個{5, 6, 8, 9, 12, 13, 15, 16, 19}
75 9個{0, 1, 2, 4, 5, 6, 7, 8, 15}
76 8個{4, 5, 6, 7, 8, 13, 15, 19}
77 12個{0, 1, 2, 4, 5, 6, 7, 8, 9, 12, 13, 15}
78 8個{0, 1, 4, 5, 6, 8, 14, 15}
79 4個{5, 6, 15, 19}
80 15個{0, 1, 2, 4, 5, 6, 7, 8, 9, 10, 11, 12, 13, 15, 19}
81 6個{0, 1, 2, 3, 14, 15}
82 13個{4, 5, 6, 7, 8, 9, 10, 11, 12, 13, 15, 17, 19}
83 11個{0, 1, 2, 3, 4, 5, 6, 8, 12, 13, 15}
84 12個{0, 1, 4, 5, 6, 8, 11, 12, 13, 14, 15, 19}
85 6個{0, 1, 2, 6, 12, 15}
86 4個{4, 5, 6, 8}
87 15個{0, 1, 2, 4, 5, 6, 7, 8, 9, 10, 11, 12, 13, 15, 19}
88 15個{4, 5, 6, 7, 8, 9, 10, 11, 12, 13, 15, 16, 17, 18, 19}
89 5個{0, 4, 5, 14, 15}
90 7個{0, 1, 2, 3, 8, 14, 15}
91 9個{0, 1, 2, 3, 5, 8, 9, 13, 15}
92 10個{0, 1, 4, 5, 8, 12, 13, 15, 18, 19}
93 5個{0, 1, 2, 3, 15}
94 8個{0, 1, 2, 3, 5, 8, 13, 15}
95 3個{4, 5, 6}
96 14個{0, 4, 5, 6, 7, 8, 9, 10, 11, 12, 13, 15, 17, 19}
97 12個{0, 1, 2, 3, 4, 5, 6, 8, 10, 12, 13, 15}
98 5個{4, 5, 6, 15, 19}
99 3個{8, 9, 15}
Q32B
0 2個{0, 1}
1 2個{0, 1}
2 4個{0, 1, 2, 3}
3 4個{0, 1, 2, 3}
4 10個{4, 5, 6, 9, 10, 12, 13, 15, 16, 19}
5 5個{0, 1, 4, 5, 15}
6 6個{0, 2, 4, 5, 6, 12}
7 4個{0, 3, 8, 10}
8 12個{1, 4, 5, 6, 7, 8, 9, 10, 12, 13, 15, 19}
9 1個{4}
10 4個{0, 1, 2, 3}
11 4個{0, 1, 2, 3}
12 3個{4, 5, 7}
13 5個{4, 5, 6, 15, 16}
14 1個{6}
15 5個{4, 5, 6, 12, 15}
16 5個{4, 5, 15, 17, 19}
17 7個{4, 5, 6, 12, 13, 15, 18}
18 4個{0, 1, 2, 3}
19 2個{8, 15}
20 10個{4, 5, 6, 7, 8, 12, 13, 15, 18, 19}
21 4個{0, 4, 5, 6}
22 10個{4, 5, 7, 9, 10, 12, 13, 14, 15, 19}
23 6個{0, 1, 4, 5, 8, 15}
24 4個{5, 8, 10, 15}
25 5個{4, 5, 6, 8, 15}
26 5個{0, 1, 2, 5, 13}
27 10個{4, 5, 6, 7, 8, 12, 13, 15, 17, 19}
28 5個{0, 4, 6, 14, 15}
29 5個{0, 1, 5, 8, 15}
30 10個{4, 5, 6, 7, 9, 12, 13, 15, 18, 19}
31 3個{0, 1, 2}
32 6個{0, 1, 2, 5, 14, 15}
33 5個{0, 1, 5, 7, 15}
34 1個{8}
35 2個{8, 15}
36 10個{4, 5, 6, 7, 8, 9, 12, 13, 15, 19}
37 7個{0, 1, 2, 3, 5, 13, 15}
38 9個{0, 4, 5, 6, 8, 11, 12, 13, 15}
39 11個{4, 5, 6, 7, 9, 10, 12, 13, 14, 15, 19}
40 4個{0, 1, 2, 3}
41 7個{0, 1, 2, 5, 12, 14, 15}
42 2個{0, 1}
43 8個{0, 4, 5, 6, 7, 8, 13, 15}
44 7個{4, 5, 6, 7, 9, 10, 15}
45 9個{0, 4, 5, 8, 9, 11, 12, 13, 15}
46 3個{0, 1, 2}
47 4個{5, 15, 17, 19}
48 12個{1, 4, 5, 6, 7, 8, 9, 10, 12, 13, 15, 19}
49 1個{19}
50 4個{4, 5, 6, 11}
51 2個{8, 15}
52 4個{4, 5, 7, 9}
53 4個{4, 5, 14, 15}
54 3個{4, 5, 6}
55 10個{0, 1, 2, 4, 5, 6, 12, 13, 15, 19}
56 1個{16}
57 15個{4, 5, 6, 7, 8, 9, 10, 11, 12, 13, 15, 16, 17, 18, 19}
58 7個{4, 5, 6, 15, 16, 17, 19}
59 7個{0, 1, 4, 5, 6, 15, 19}
60 2個{8, 9}
61 6個{0, 1, 2, 12, 13, 15}
62 4個{0, 1, 2, 3}
63 2個{4, 15}
64 3個{4, 5, 6}
65 13個{4, 5, 6, 7, 8, 9, 10, 12, 13, 15, 16, 17, 19}
66 5個{0, 1, 2, 3, 10}
67 9個{0, 1, 2, 4, 5, 6, 12, 13, 15}
68 11個{4, 5, 6, 7, 8, 9, 10, 12, 13, 15, 19}
69 5個{0, 1, 2, 3, 15}
70 5個{4, 5, 6, 15, 19}
71 11個{4, 5, 6, 7, 8, 9, 10, 12, 13, 15, 19}
72 7個{4, 5, 6, 7, 9, 10, 15}
73 1個{15}
74 10個{0, 1, 2, 3, 5, 6, 12, 13, 14, 15}
75 7個{0, 1, 4, 5, 6, 14, 15}
76 2個{8, 15}
77 2個{15, 18}
78 4個{0, 1, 5, 12}
79 8個{0, 4, 5, 6, 7, 12, 13, 15}
80 3個{0, 1, 2}
81 10個{4, 5, 6, 7, 8, 9, 10, 12, 13, 15}
82 4個{0, 1, 2, 3}
83 9個{0, 2, 4, 5, 11, 12, 13, 15, 19}
84 5個{0, 1, 2, 3, 15}
85 10個{4, 5, 6, 7, 8, 9, 11, 15, 17, 19}
86 13個{4, 5, 6, 7, 8, 9, 12, 13, 15, 16, 17, 18, 19}
87 7個{0, 1, 3, 5, 8, 14, 15}
88 2個{8, 18}
89 2個{6, 15}
90 8個{0, 1, 4, 5, 6, 15, 16, 19}
91 8個{0, 1, 4, 5, 6, 15, 17, 19}
92 7個{0, 1, 4, 5, 6, 9, 15}
93 7個{4, 5, 6, 14, 15, 16, 19}
94 2個{8, 15}
95 1個{7}
96 9個{4, 5, 6, 7, 8, 12, 13, 15, 19}
97 7個{0, 1, 2, 3, 5, 13, 15}
98 2個{15, 19}
99 2個{4, 6}
Q64B
0 1個{10}
1 2個{1, 2}
2 1個{4}
3 2個{4, 5}
4 1個{19}
5 4個{0, 1, 2, 3}
6 1個{10}
7 4個{0, 1, 2, 15}
8 2個{12, 15}
9 2個{4, 9}
10 2個{15, 17}
11 1個{10}
12 2個{15, 18}
13 1個{14}
14 1個{17}
15 4個{4, 5, 15, 19}
16 6個{4, 5, 13, 15, 17, 19}
17 3個{4, 5, 6}
18 1個{14}
19 2個{4, 15}
20 2個{4, 15}
21 2個{4, 7}
22 3個{4, 5, 15}
23 2個{5, 6}
24 2個{15, 19}
25 1個{2}
26 1個{2}
27 4個{0, 1, 2, 15}
28 1個{17}
29 4個{0, 1, 2, 3}
30 5個{4, 5, 12, 13, 15}
31 3個{4, 5, 6}
32 6個{4, 5, 8, 13, 15, 19}
33 4個{4, 5, 9, 10}
34 1個{13}
35 8個{4, 5, 7, 12, 13, 15, 18, 19}
36 2個{0, 1}
37 1個{8}
38 4個{0, 1, 2, 3}
39 2個{0, 1}
40 9個{4, 5, 6, 7, 8, 11, 12, 13, 15}
41 1個{6}
42 1個{2}
43 3個{0, 1, 2}
44 1個{15}
45 1個{6}
46 1個{19}
47 1個{8}
48 1個{1}
49 1個{15}
50 1個{8}
51 6個{0, 1, 4, 5, 14, 15}
52 1個{6}
53 2個{15, 17}
54 4個{0, 1, 14, 15}
55 1個{14}
56 4個{0, 1, 2, 3}
57 4個{4, 5, 6, 7}
58 1個{6}
59 5個{4, 5, 12, 13, 15}
60 2個{5, 10}
61 1個{13}
62 2個{0, 1}
63 10個{4, 5, 7, 8, 9, 10, 11, 12, 13, 15}
64 2個{6, 15}
65 4個{0, 1, 5, 15}
66 4個{0, 1, 2, 3}
67 4個{4, 5, 15, 18}
68 2個{0, 5}
69 8個{4, 5, 7, 8, 15, 16, 17, 19}
70 2個{0, 1}
71 1個{0}
72 1個{5}
73 1個{9}
74 1個{8}
75 10個{4, 5, 7, 8, 9, 10, 11, 12, 13, 15}
76 1個{9}
77 1個{10}
78 1個{7}
79 4個{4, 5, 15, 19}
80 5個{4, 5, 6, 15, 19}
81 1個{13}
82 5個{4, 5, 15, 18, 19}
83 1個{11}
84 2個{13, 15}
85 3個{0, 1, 2}
86 1個{10}
87 1個{7}
88 4個{4, 5, 15, 17}
89 2個{0, 15}
90 3個{4, 5, 7}
91 0個{}
92 1個{8}
93 2個{5, 6}
94 4個{4, 5, 9, 10}
95 3個{6, 15, 19}
96 3個{0, 1, 15}
97 1個{7}
98 1個{9}
99 6個{4, 5, 7, 15, 18, 19}
